

inbox: the input file.
ii.o: the output file. the import thing is that the avg depth will be
like felner's (21.94 ?). the avg nu. of nodes isn't really important.
good luck. liat
1 24 2911
2 22 1109
3 22 684
4 26 2004
5 26 3311
6 25 1601
7 24 1140
8 18 507
9 17 122
10 28 9357
11 22 514
12 18 647
13 21 1384
14 11 31
15 24 1364
16 19 763
17 19 711
18 18 279
19 18 552
20 22 907
21 27 3567
22 18 135
23 24 1605
24 28 10371
25 21 1075
26 22 394
27 26 4640
28 20 565
29 10 38
30 23 1101
31 18 591
32 24 1972
33 28 8275
34 23 888
35 19 481
36 25 1751
37 24 1507
38 18 80
39 27 2113
40 20 944
41 27 3293
42 25 2573
43 27 6807
44 23 1644
45 20 289
46 25 1393
47 17 215
48 23 803
49 23 371
50 23 1542
51 24 294
52 22 881
53 26 4283
54 24 868
55 25 1945
56 19 294
57 24 2027
58 26 3481
59 22 338
60 21 877
61 26 3680
62 20 505
63 23 2038
64 23 1116
65 24 2601
66 16 116
67 22 1127
68 24 1719
69 26 1322
70 15 144
71 22 297
72 22 301
73 20 528
74 15 32
75 16 145
76 24 2193
77 25 4542
78 22 1606
79 23 2076
80 24 1139
81 22 1129
82 16 55
83 18 630
84 20 277
85 20 572
86 22 494
87 24 2743
88 26 2497
89 22 589
90 22 941
91 22 1798
92 17 301
93 23 1033
94 25 1395
95 18 96
96 20 168
97 22 1085
98 23 1661
99 26 2557
100 19 437
avrage path=21.94,nodes=1538.94
Received: from sunlight.cs.biu.ac.il (root@sunlight [132.70.1.4])
        by sunbeam.cs.biu.ac.il (8.9.1/8.9.1) with ESMTP id KAA06003
        for <amitaie@macs.biu.ac.il>; Thu, 25 Nov 1999 10:53:22 +0200 (IST)
Received: from localhost (felner@localhost [127.0.0.1])
        by sunlight.cs.biu.ac.il (8.9.1/8.9.1) with ESMTP id KAA25786
        for <amitaie@macs.biu.ac.il>; Thu, 25 Nov 1999 10:53:19 +0200 (IST)
Date: Thu, 25 Nov 1999 10:53:17 +0200 (IST)
From: Felner Ariel <felner@macs.biu.ac.il>
X-Sender: felner@sunlight
To: Elazar Amitai <amitaie@macs.biu.ac.il>
Subject: THe 8 puzzle states.  (fwd)
Message-ID: <Pine.GSO.4.10_heb2.08.9911251053020.25698-100000@sunlight>
X-Organization: Math & CS department
MIME-Version: 1.0
Content-Type: TEXT/PLAIN; charset=US-ASCII
X-UIDL: -G8!!W;\!!M&kd9hU:e9


   1  2 8 5 7 3 1 6 4 0 
   2  1 3 0 7 5 6 4 2 8 
   3  0 2 8 5 6 3 7 1 4 
   4  0 8 3 6 7 4 1 5 2 
   5  5 4 6 3 2 7 1 8 0 
   6  5 8 6 1 2 3 4 0 7 
   7  0 6 7 8 3 2 4 5 1 
   8  5 3 1 4 0 2 7 6 8 
   9  2 0 8 1 5 6 4 3 7 
  10  0 8 6 3 7 4 1 2 5 
  11  2 8 7 5 3 1 0 4 6 
  12  1 5 0 6 4 2 3 7 8 
  13  5 2 1 0 6 3 7 4 8 
  14  1 2 5 6 4 8 7 0 3 
  15  7 8 0 4 1 6 3 5 2 
  16  3 5 2 7 1 6 4 0 8 
  17  7 4 2 0 6 1 5 3 8 
  18  1 7 2 8 0 5 4 3 6 
  19  4 2 7 6 1 5 3 8 0 
  20  6 4 5 1 0 8 7 2 3 
  21  6 8 7 4 5 1 2 0 3 
  22  0 2 7 3 6 5 8 1 4 
  23  5 8 1 2 7 3 0 6 4 
  24  0 7 8 1 6 5 2 4 3 
  25  6 8 2 0 3 7 1 4 5 
  26  7 5 0 2 1 6 8 4 3 
  27  1 7 6 2 4 8 3 5 0 
  28  3 1 5 4 7 2 0 8 6 
  29  1 2 0 4 8 5 3 6 7 
  30  5 4 1 7 6 0 2 3 8 
  31  1 4 2 3 6 5 0 8 7 
  32  6 1 3 2 5 7 4 8 0 
  33  2 8 3 5 0 4 7 6 1 
  34  4 8 1 0 2 7 5 6 3 
  35  1 0 7 6 4 2 5 3 8 
  36  6 7 3 5 8 0 1 2 4 
  37  8 5 3 6 0 1 2 4 7 
  38  7 4 3 5 2 8 1 6 0 
  39  8 4 6 7 3 0 5 1 2 
  40  3 2 0 6 7 1 5 4 8 
  41  8 7 6 1 3 5 4 0 2 
  42  8 7 4 6 3 0 5 1 2 
  43  8 0 5 7 3 4 1 2 6 
  44  1 8 4 0 6 5 2 7 3 
  45  6 3 0 8 5 1 4 2 7 
  46  8 4 3 2 5 0 7 1 6 
  47  1 2 5 0 3 7 8 4 6 
  48  5 6 4 3 8 0 1 2 7 
  49  2 8 6 5 4 0 1 3 7 
  50  7 6 2 0 3 4 1 5 8 
  51  0 8 6 5 2 3 7 1 4 
  52  0 6 7 2 3 4 1 8 5 
  53  5 6 1 4 8 3 0 2 7 
  54  2 6 7 1 8 3 4 5 0 
  55  8 2 3 7 5 6 4 0 1 
  56  4 8 2 3 5 7 1 0 6 
  57  0 3 6 5 1 2 8 7 4 
  58  2 8 3 7 5 4 6 1 0 
  59  4 2 3 7 8 6 5 1 0 
  60  8 1 7 0 6 2 3 4 5 
  61  5 4 6 3 7 1 0 2 8 
  62  1 4 5 6 8 3 0 2 7 
  63  2 1 3 8 7 0 6 4 5 
  64  1 6 3 0 5 8 4 7 2 
  65  6 5 0 8 1 7 4 3 2 
  66  1 6 0 5 8 2 3 7 4 
  67  1 6 5 8 4 7 3 2 0 
  68  1 4 0 7 2 6 5 8 3 
  69  7 4 6 1 8 5 2 3 0 
  70  5 3 1 0 8 2 6 7 4 
  71  8 3 4 1 6 7 5 2 0 
  72  5 6 3 4 1 8 2 7 0 
  73  0 4 5 2 3 6 7 1 8 
  74  4 7 3 1 8 0 6 5 2 
  75  2 4 5 7 6 1 0 3 8 
  76  7 4 0 2 6 1 5 3 8 
  77  2 8 1 0 7 4 3 5 6 
  78  2 3 1 7 4 8 0 6 5 
  79  4 7 5 3 1 8 6 0 2 
  80  4 8 6 3 5 2 1 7 0 
  81  1 8 5 3 2 6 0 7 4 
  82  1 2 8 4 0 7 5 3 6 
  83  1 5 2 4 0 7 3 6 8 
  84  5 3 1 2 0 7 8 4 6 
  85  0 1 6 3 2 4 8 7 5 
  86  8 3 0 7 1 2 4 5 6 
  87  0 1 3 2 5 8 7 6 4 
  88  0 3 6 4 7 5 2 1 8 
  89  8 2 7 1 5 3 0 6 4 
  90  6 2 4 5 7 8 1 3 0 
  91  3 2 0 5 6 4 7 8 1 
  92  1 0 2 5 8 7 3 6 4 
  93  5 1 4 0 7 6 3 2 8 
  94  8 6 7 0 1 3 4 5 2 
  95  5 3 7 1 8 2 0 6 4 
  96  2 6 8 1 5 4 7 3 0 
  97  2 4 8 3 7 6 1 5 0 
  98  8 6 2 0 7 1 4 3 5 
  99  4 7 3 2 1 6 0 5 8 
100  6 8 2 1 4 5 3 0 7 