   1  2 8 5 7 3 1 6 4 0 
   2  1 3 0 7 5 6 4 2 8 
   3  0 2 8 5 6 3 7 1 4 
   4  0 8 3 6 7 4 1 5 2 
   5  5 4 6 3 2 7 1 8 0 
   6  5 8 6 1 2 3 4 0 7 
   7  0 6 7 8 3 2 4 5 1 
   8  5 3 1 4 0 2 7 6 8 
   9  2 0 8 1 5 6 4 3 7 
  10  0 8 6 3 7 4 1 2 5 
  11  2 8 7 5 3 1 0 4 6 
  12  1 5 0 6 4 2 3 7 8 
  13  5 2 1 0 6 3 7 4 8 
  14  1 2 5 6 4 8 7 0 3 
  15  7 8 0 4 1 6 3 5 2 
  16  3 5 2 7 1 6 4 0 8 
  17  7 4 2 0 6 1 5 3 8 
  18  1 7 2 8 0 5 4 3 6 
  19  4 2 7 6 1 5 3 8 0 
  20  6 4 5 1 0 8 7 2 3 
  21  6 8 7 4 5 1 2 0 3 
  22  0 2 7 3 6 5 8 1 4 
  23  5 8 1 2 7 3 0 6 4 
  24  0 7 8 1 6 5 2 4 3 
  25  6 8 2 0 3 7 1 4 5 
  26  7 5 0 2 1 6 8 4 3 
  27  1 7 6 2 4 8 3 5 0 
  28  3 1 5 4 7 2 0 8 6 
  29  1 2 0 4 8 5 3 6 7 
  30  5 4 1 7 6 0 2 3 8 
  31  1 4 2 3 6 5 0 8 7 
  32  6 1 3 2 5 7 4 8 0 
  33  2 8 3 5 0 4 7 6 1 
  34  4 8 1 0 2 7 5 6 3 
  35  1 0 7 6 4 2 5 3 8 
  36  6 7 3 5 8 0 1 2 4 
  37  8 5 3 6 0 1 2 4 7 
  38  7 4 3 5 2 8 1 6 0 
  39  8 4 6 7 3 0 5 1 2 
  40  3 2 0 6 7 1 5 4 8 
  41  8 7 6 1 3 5 4 0 2 
  42  8 7 4 6 3 0 5 1 2 
  43  8 0 5 7 3 4 1 2 6 
  44  1 8 4 0 6 5 2 7 3 
  45  6 3 0 8 5 1 4 2 7 
  46  8 4 3 2 5 0 7 1 6 
  47  1 2 5 0 3 7 8 4 6 
  48  5 6 4 3 8 0 1 2 7 
  49  2 8 6 5 4 0 1 3 7 
  50  7 6 2 0 3 4 1 5 8 
  51  0 8 6 5 2 3 7 1 4 
  52  0 6 7 2 3 4 1 8 5 
  53  5 6 1 4 8 3 0 2 7 
  54  2 6 7 1 8 3 4 5 0 
  55  8 2 3 7 5 6 4 0 1 
  56  4 8 2 3 5 7 1 0 6 
  57  0 3 6 5 1 2 8 7 4 
  58  2 8 3 7 5 4 6 1 0 
  59  4 2 3 7 8 6 5 1 0 
  60  8 1 7 0 6 2 3 4 5 
  61  5 4 6 3 7 1 0 2 8 
  62  1 4 5 6 8 3 0 2 7 
  63  2 1 3 8 7 0 6 4 5 
  64  1 6 3 0 5 8 4 7 2 
  65  6 5 0 8 1 7 4 3 2 
  66  1 6 0 5 8 2 3 7 4 
  67  1 6 5 8 4 7 3 2 0 
  68  1 4 0 7 2 6 5 8 3 
  69  7 4 6 1 8 5 2 3 0 
  70  5 3 1 0 8 2 6 7 4 
  71  8 3 4 1 6 7 5 2 0 
  72  5 6 3 4 1 8 2 7 0 
  73  0 4 5 2 3 6 7 1 8 
  74  4 7 3 1 8 0 6 5 2 
  75  2 4 5 7 6 1 0 3 8 
  76  7 4 0 2 6 1 5 3 8 
  77  2 8 1 0 7 4 3 5 6 
  78  2 3 1 7 4 8 0 6 5 
  79  4 7 5 3 1 8 6 0 2 
  80  4 8 6 3 5 2 1 7 0 
  81  1 8 5 3 2 6 0 7 4 
  82  1 2 8 4 0 7 5 3 6 
  83  1 5 2 4 0 7 3 6 8 
  84  5 3 1 2 0 7 8 4 6 
  85  0 1 6 3 2 4 8 7 5 
  86  8 3 0 7 1 2 4 5 6 
  87  0 1 3 2 5 8 7 6 4 
  88  0 3 6 4 7 5 2 1 8 
  89  8 2 7 1 5 3 0 6 4 
  90  6 2 4 5 7 8 1 3 0 
  91  3 2 0 5 6 4 7 8 1 
  92  1 0 2 5 8 7 3 6 4 
  93  5 1 4 0 7 6 3 2 8 
  94  8 6 7 0 1 3 4 5 2 
  95  5 3 7 1 8 2 0 6 4 
  96  2 6 8 1 5 4 7 3 0 
  97  2 4 8 3 7 6 1 5 0 
  98  8 6 2 0 7 1 4 3 5 
  99  4 7 3 2 1 6 0 5 8 
100  6 8 2 1 4 5 3 0 7 